JobID	TaskID	CpuCnt	ExecStartDate	ExecFinishDate	ExecEndDate	CompletionTime	ExecStartTime	ExecutionTime	ReadyTime	StartTime	FlowTime	WaitingTime	ProcessorName	
1	1	1	1584823380	1584823382	1584823382	2	0	2	0	0	2	0	[Processor_0]	
2	2	1	1584823380	1584823382	1584823382	2	0	2	0	0	2	0	[Processor_1]	
3	3	1	1584823380	1584823382	1584823382	2	0	2	0	0	2	0	[Processor_2]	
4	4	1	1584823380	1584823382	1584823382	2	0	2	0	0	2	0	[Processor_3]	
5	5	1	1584823380	1584823382	1584823382	2	0	2	0	0	2	0	[Processor_4]	
6	6	1	1584823380	1584823383	1584823383	3	0	3	0	0	3	0	[Processor_5]	
7	7	1	1584823380	1584823384	1584823384	4	0	4	0	0	4	0	[Processor_6]	
8	8	1	1584823380	1584823389	1584823389	9	0	9	0	0	9	0	[Processor_7]	
9	9	1	1584826980	1584826982	1584826982	3602	3600	2	3600	0	2	0	[Processor_0]	
10	10	1	1584844980	1584844987	1584844987	21607	21600	7	21600	0	7	0	[Processor_0]	
11	11	1	1584848580	1584848588	1584848588	25208	25200	8	25200	0	8	0	[Processor_0]	
12	12	1	1584862980	1584862984	1584862984	39604	39600	4	39600	0	4	0	[Processor_0]	
13	13	1	1584870180	1584870183	1584870183	46803	46800	3	46800	0	3	0	[Processor_0]	
