JobID	TaskID	CpuCnt	ExecStartDate	ExecFinishDate	ExecEndDate	CompletionTime	ExecStartTime	ExecutionTime	ReadyTime	StartTime	FlowTime	WaitingTime	ProcessorName	
1	1	1	0	7200	7200	7200	0	7200	0	0	7200	0	[Processor_0]	
2	2	1	0	7200	7200	7200	0	7200	0	0	7200	0	[Processor_1]	
3	3	1	0	7200	7200	7200	0	7200	0	0	7200	0	[Processor_2]	
4	4	1	0	7200	7200	7200	0	7200	0	0	7200	0	[Processor_3]	
5	5	1	0	7200	7200	7200	0	7200	0	0	7200	0	[Processor_4]	
6	6	1	0	10800	10800	10800	0	10800	0	0	10800	0	[Processor_5]	
7	7	1	0	14400	14400	14400	0	14400	0	0	14400	0	[Processor_6]	
8	8	1	0	28800	28800	28800	0	28800	0	0	28800	0	[Processor_7]	
9	9	1	3600	10800	10800	10800	3600	7200	3600	0	7200	0	[Processor_8]	
10	10	1	21600	43200	43200	43200	21600	21600	21600	0	21600	0	[Processor_4]	
11	11	1	25200	50400	50400	50400	25200	25200	25200	0	25200	0	[Processor_5]	
12	12	1	39600	54000	54000	54000	39600	14400	39600	0	14400	0	[Processor_6]	
13	13	1	46800	57600	57600	57600	46800	10800	46800	0	10800	0	[Processor_4]	
