JobID	TaskID	CpuCnt	ExecStartDate	ExecFinishDate	ExecEndDate	CompletionTime	ExecStartTime	ExecutionTime	ReadyTime	StartTime	FlowTime	WaitingTime	ProcessorName	
1	1	1	1585004400	1585004402	1585004402	2	0	2	0	0	2	0	[Processor_0]	
2	2	1	1585004400	1585004402	1585004402	2	0	2	0	0	2	0	[Processor_1]	
3	3	1	1585004400	1585004402	1585004402	2	0	2	0	0	2	0	[Processor_2]	
4	4	1	1585004400	1585004402	1585004402	2	0	2	0	0	2	0	[Processor_3]	
5	5	1	1585004400	1585004402	1585004402	2	0	2	0	0	2	0	[Processor_4]	
6	6	1	1585004400	1585004403	1585004403	3	0	3	0	0	3	0	[Processor_5]	
7	7	1	1585004400	1585004404	1585004404	4	0	4	0	0	4	0	[Processor_6]	
8	8	1	1585004400	1585004409	1585004409	9	0	9	0	0	9	0	[Processor_7]	
9	9	1	1585008000	1585008002	1585008002	3602	3600	2	3600	0	2	0	[Processor_0]	
10	10	1	1585026000	1585026007	1585026007	21607	21600	7	21600	0	7	0	[Processor_0]	
11	11	1	1585029600	1585029608	1585029608	25208	25200	8	25200	0	8	0	[Processor_0]	
12	12	1	1585044000	1585044004	1585044004	39604	39600	4	39600	0	4	0	[Processor_0]	
13	13	1	1585051200	1585051203	1585051203	46803	46800	3	46800	0	3	0	[Processor_0]	
