JobID	TaskID	CpuCnt	ExecStartDate	ExecFinishDate	ExecEndDate	CompletionTime	ExecStartTime	ExecutionTime	ReadyTime	StartTime	FlowTime	WaitingTime	ProcessorName	
1	1	1	1585004400	1585011600	1585011600	7200	0	7200	0	0	7200	0	[Processor_0]	
2	2	1	1585004400	1585011600	1585011600	7200	0	7200	0	0	7200	0	[Processor_1]	
3	3	1	1585004400	1585011600	1585011600	7200	0	7200	0	0	7200	0	[Processor_2]	
4	4	1	1585004400	1585011600	1585011600	7200	0	7200	0	0	7200	0	[Processor_3]	
5	5	1	1585004400	1585011600	1585011600	7200	0	7200	0	0	7200	0	[Processor_4]	
6	6	1	1585004400	1585015200	1585015200	10800	0	10800	0	0	10800	0	[Processor_5]	
7	7	1	1585004400	1585018800	1585018800	14400	0	14400	0	0	14400	0	[Processor_6]	
8	8	1	1585004400	1585033200	1585033200	28800	0	28800	0	0	28800	0	[Processor_7]	
9	9	1	1585008000	1585015200	1585015200	10800	3600	7200	3600	0	7200	0	[Processor_8]	
10	10	1	1585026000	1585047600	1585047600	43200	21600	21600	21600	0	21600	0	[Processor_4]	
11	11	1	1585029600	1585054800	1585054800	50400	25200	25200	25200	0	25200	0	[Processor_5]	
12	12	1	1585044000	1585058400	1585058400	54000	39600	14400	39600	0	14400	0	[Processor_6]	
13	13	1	1585051200	1585062000	1585062000	57600	46800	10800	46800	0	10800	0	[Processor_4]	
