JobID	TaskID	CpuCnt	ExecStartDate	ExecFinishDate	ExecEndDate	CompletionTime	ExecStartTime	ExecutionTime	ReadyTime	StartTime	FlowTime	WaitingTime	ProcessorName	
1	1	1	1225666800	1225666802	1225666802	2	0	2	0	0	2	0	[Processor_0]	
2	2	1	1225666800	1225666802	1225666802	2	0	2	0	0	2	0	[Processor_1]	
3	3	1	1225666800	1225666802	1225666802	2	0	2	0	0	2	0	[Processor_2]	
4	4	1	1225666800	1225666802	1225666802	2	0	2	0	0	2	0	[Processor_3]	
5	5	1	1225666800	1225666802	1225666802	2	0	2	0	0	2	0	[Processor_4]	
6	6	1	1225666800	1225666803	1225666803	3	0	3	0	0	3	0	[Processor_5]	
7	7	1	1225666800	1225666804	1225666804	4	0	4	0	0	4	0	[Processor_6]	
8	8	1	1225666800	1225666809	1225666809	9	0	9	0	0	9	0	[Processor_7]	
9	9	1	1225670400	1225670402	1225670402	3602	3600	2	3600	0	2	0	[Processor_0]	
10	10	1	1225688400	1225688407	1225688407	21607	21600	7	21600	0	7	0	[Processor_0]	
11	11	1	1225692000	1225692008	1225692008	25208	25200	8	25200	0	8	0	[Processor_0]	
12	12	1	1225706400	1225706404	1225706404	39604	39600	4	39600	0	4	0	[Processor_0]	
13	13	1	1225713600	1225713603	1225713603	46803	46800	3	46800	0	3	0	[Processor_0]	
