JobID	TaskID	CpuCnt	ExecStartDate	ExecFinishDate	ExecEndDate	CompletionTime	ExecStartTime	ExecutionTime	ReadyTime	StartTime	FlowTime	WaitingTime	ProcessorName	
1	1	1	1584823380	1584823382	1584823382	-92458	-92460	2	-92460	0	2	0	[Processor_0]	
2	2	1	1584823380	1584823382	1584823382	-92458	-92460	2	-92460	0	2	0	[Processor_1]	
3	3	1	1584823380	1584823382	1584823382	-92458	-92460	2	-92460	0	2	0	[Processor_2]	
4	4	1	1584823380	1584823382	1584823382	-92458	-92460	2	-92460	0	2	0	[Processor_3]	
5	5	1	1584823380	1584823382	1584823382	-92458	-92460	2	-92460	0	2	0	[Processor_4]	
6	6	1	1584823380	1584823383	1584823383	-92457	-92460	3	-92460	0	3	0	[Processor_5]	
7	7	1	1584823380	1584823384	1584823384	-92456	-92460	4	-92460	0	4	0	[Processor_6]	
8	8	1	1584823380	1584823389	1584823389	-92451	-92460	9	-92460	0	9	0	[Processor_7]	
9	9	1	1584826980	1584826982	1584826982	-88858	-88860	2	-88860	0	2	0	[Processor_0]	
10	10	1	1584844980	1584844987	1584844987	-70853	-70860	7	-70860	0	7	0	[Processor_0]	
11	11	1	1584848580	1584848588	1584848588	-67252	-67260	8	-67260	0	8	0	[Processor_0]	
12	12	1	1584862980	1584862984	1584862984	-52856	-52860	4	-52860	0	4	0	[Processor_0]	
13	13	1	1584870180	1584870183	1584870183	-45657	-45660	3	-45660	0	3	0	[Processor_0]	
